#
# Sprite sheet data for MonoGame.
#
# To learn how to import these sprites into your MonoGame project visit:
# https://www.codeandweb.com/texturepacker/monogame
#
# Sprite sheet: Objects.png (2004 x 512)
# $TexturePacker:SmartUpdate:b9bae0c3524c0abd6ffd582f5694c032:3586dcca7a3172f4af3231027cc83454:e77109de037446bc7587c57bfaa37545$
#

BasicChar/Dance;0;1629;80;30;44;38;44;0.5333333333333333;0.5
BasicChar/DanceLeft;0;1629;126;30;44;38;44;0.4666666666666667;0.5
BasicChar/Fall;0;421;439;34;26;38;44;0.47058823529411764;0.2692307692307692
BasicChar/FallLeft;0;727;274;34;26;38;44;0.5294117647058824;0.2692307692307692
BasicChar/Jump;0;289;323;34;43;38;44;0.47058823529411764;0.5116279069767442
BasicChar/JumpLeft;0;405;394;34;43;38;44;0.5294117647058824;0.5116279069767442
BasicChar/Kick;0;826;393;34;21;38;44;0.47058823529411764;-0.047619047619047616
BasicChar/KickLeft;0;1240;487;34;21;38;44;0.5294117647058824;-0.047619047619047616
BasicChar/Run;0;788;393;36;20;38;44;0.5;-0.05
BasicChar/RunHold;0;1028;275;33;20;38;44;0.42424242424242425;-0.05
BasicChar/RunHoldLeft;0;1679;421;33;20;38;44;0.5757575757575758;-0.05
BasicChar/RunLeft;0;1701;342;36;20;38;44;0.5;-0.05
BasicChar/Stand;0;1677;310;22;19;38;44;0.45454545454545453;-0.15789473684210525
BasicChar/StandHold;0;1312;487;29;21;38;44;0.3448275862068966;-0.047619047619047616
BasicChar/StandHoldLeft;0;1893;325;29;21;38;44;0.6551724137931034;-0.047619047619047616
BasicChar/StandLeft;0;1677;331;22;19;38;44;0.5454545454545454;-0.15789473684210525
BasicChar/StandRun;0;1629;218;30;21;38;44;0.6;-0.047619047619047616
BasicChar/StandRunLeft;0;1713;261;30;21;38;44;0.4;-0.047619047619047616
BasicChar/Turn;0;1239;384;28;23;38;44;0.5714285714285714;0.043478260869565216
BasicChar/TurnLeft;0;1148;446;28;23;38;44;0.42857142857142855;0.043478260869565216
BasicChar/Walk;0;754;384;32;18;38;44;0.4375;-0.16666666666666666
BasicChar/WalkLeft;0;1913;416;32;18;38;44;0.5625;-0.16666666666666666
BlackNinja/Dance;0;661;171;32;39;38;44;0.5;0.4358974358974359
BlackNinja/DanceLeft;0;693;258;32;39;38;44;0.4375;0.4358974358974359
BlackNinja/Fall;0;1251;269;34;36;38;44;0.47058823529411764;0.4722222222222222
BlackNinja/FallLeft;0;763;274;34;36;38;44;0.47058823529411764;0.4722222222222222
BlackNinja/Jump;0;441;393;34;43;38;44;0.47058823529411764;0.5116279069767442
BlackNinja/JumpLeft;0;477;393;34;43;38;44;0.47058823529411764;0.5116279069767442
BlackNinja/Kick;0;657;257;34;39;38;44;0.47058823529411764;0.4358974358974359
BlackNinja/KickLeft;0;495;352;34;39;38;44;0.47058823529411764;0.4358974358974359
BlackNinja/Run;0;457;353;36;38;38;44;0.5;0.4473684210526316
BlackNinja/RunHold;0;503;312;33;38;38;44;0.42424242424242425;0.4473684210526316
BlackNinja/RunHoldLeft;0;538;312;34;38;38;44;0.5294117647058824;0.4473684210526316
BlackNinja/RunLeft;0;546;438;35;38;38;44;0.45714285714285713;0.4473684210526316
BlackNinja/Stand;0;1401;77;26;39;38;44;0.5384615384615384;0.4358974358974359
BlackNinja/StandHold;0;1711;82;33;39;38;44;0.42424242424242425;0.4358974358974359
BlackNinja/StandHoldLeft;0;531;352;34;39;38;44;0.5294117647058824;0.4358974358974359
BlackNinja/StandLeft;0;1401;118;26;39;38;44;0.38461538461538464;0.4358974358974359
BlackNinja/StandRun;0;567;352;30;39;38;44;0.6;0.4358974358974359
BlackNinja/StandRunLeft;0;599;352;29;39;38;44;0.3448275862068966;0.4358974358974359
BlackNinja/Turn;0;619;438;28;39;38;44;0.5714285714285714;0.4358974358974359
BlackNinja/TurnLeft;0;630;352;28;39;38;44;0.35714285714285715;0.4358974358974359
BlackNinja/Walk;0;574;312;32;38;38;44;0.4375;0.4473684210526316
BlackNinja/WalkLeft;0;788;353;32;38;38;44;0.5;0.4473684210526316
BlueNinja/Dance;0;642;300;32;39;38;44;0.5;0.4358974358974359
BlueNinja/DanceLeft;0;649;393;32;39;38;44;0.4375;0.4358974358974359
BlueNinja/Fall;0;656;475;34;36;38;44;0.47058823529411764;0.4722222222222222
BlueNinja/FallLeft;0;692;475;34;36;38;44;0.47058823529411764;0.4722222222222222
BlueNinja/Jump;0;431;467;34;43;38;44;0.47058823529411764;0.5116279069767442
BlueNinja/JumpLeft;0;549;213;34;43;38;44;0.47058823529411764;0.5116279069767442
BlueNinja/Kick;0;649;434;34;39;38;44;0.47058823529411764;0.4358974358974359
BlueNinja/KickLeft;0;660;352;34;39;38;44;0.47058823529411764;0.4358974358974359
BlueNinja/Run;0;1601;307;36;38;38;44;0.5;0.4473684210526316
BlueNinja/RunHold;0;822;353;33;38;38;44;0.42424242424242425;0.4473684210526316
BlueNinja/RunHoldLeft;0;583;438;34;38;38;44;0.5294117647058824;0.4473684210526316
BlueNinja/RunLeft;0;714;302;35;38;38;44;0.45714285714285713;0.4473684210526316
BlueNinja/Stand;0;1401;159;26;39;38;44;0.5384615384615384;0.4358974358974359
BlueNinja/StandHold;0;683;393;33;39;38;44;0.42424242424242425;0.4358974358974359
BlueNinja/StandHoldLeft;0;685;434;34;39;38;44;0.5294117647058824;0.4358974358974359
BlueNinja/StandLeft;0;696;352;26;39;38;44;0.38461538461538464;0.4358974358974359
BlueNinja/StandRun;0;718;393;30;39;38;44;0.6;0.4358974358974359
BlueNinja/StandRunLeft;0;721;434;29;39;38;44;0.3448275862068966;0.4358974358974359
BlueNinja/Turn;0;724;352;28;39;38;44;0.5714285714285714;0.4358974358974359
BlueNinja/TurnLeft;0;788;312;28;39;38;44;0.35714285714285715;0.4358974358974359
BlueNinja/Walk;0;899;392;32;38;38;44;0.4375;0.4473684210526316
BlueNinja/WalkLeft;0;933;392;32;38;38;44;0.5;0.4473684210526316
BlueWizard/Dance;0;751;312;35;29;38;44;0.45714285714285713;0.2413793103448276
BlueWizard/DanceLeft;0;802;203;35;29;38;44;0.5428571428571428;0.2413793103448276
BlueWizard/Fall;0;855;325;35;24;38;44;0.45714285714285713;0.2916666666666667
BlueWizard/FallLeft;0;892;366;35;24;38;44;0.5428571428571428;0.2916666666666667
BlueWizard/Jump;0;695;168;32;43;38;44;0.5;0.5116279069767442
BlueWizard/JumpLeft;0;693;213;32;43;38;44;0.5;0.5116279069767442
BlueWizard/Kick;0;1276;487;34;21;38;44;0.47058823529411764;-0.047619047619047616
BlueWizard/KickLeft;0;1643;419;34;21;38;44;0.5294117647058824;-0.047619047619047616
BlueWizard/Run;0;1343;491;34;20;38;44;0.5294117647058824;-0.05
BlueWizard/RunHold;0;1642;465;33;20;38;44;0.42424242424242425;-0.05
BlueWizard/RunHoldLeft;0;1677;466;33;20;38;44;0.5757575757575758;-0.05
BlueWizard/RunLeft;0;1606;435;34;20;38;44;0.47058823529411764;-0.05
BlueWizard/Stand;0;1742;430;26;19;38;44;0.5384615384615384;-0.15789473684210525
BlueWizard/StandHold;0;978;263;33;21;38;44;0.42424242424242425;-0.047619047619047616
BlueWizard/StandHoldLeft;0;1298;351;33;21;38;44;0.5757575757575758;-0.047619047619047616
BlueWizard/StandLeft;0;1742;451;26;19;38;44;0.46153846153846156;-0.15789473684210525
BlueWizard/StandRun;0;1893;348;30;21;38;44;0.6;-0.047619047619047616
BlueWizard/StandRunLeft;0;1698;488;30;21;38;44;0.4;-0.047619047619047616
BlueWizard/Turn;0;1269;384;28;23;38;44;0.5714285714285714;0.043478260869565216
BlueWizard/TurnLeft;0;1303;326;28;23;38;44;0.42857142857142855;0.043478260869565216
BlueWizard/Walk;0;1529;493;30;18;38;44;0.4666666666666667;-0.16666666666666666
BlueWizard/WalkLeft;0;1561;493;30;18;38;44;0.5333333333333333;-0.16666666666666666
Bones/Left1;0;1075;97;48;45;48;48;0.5;0.4666666666666667
Bones/Left2;0;1301;77;48;45;48;48;0.5;0.4666666666666667
Bones/Left3;0;1351;77;48;45;48;48;0.5;0.4666666666666667
Bones/Right1;0;1429;80;48;45;48;48;0.5;0.4666666666666667
Bones/Right2;0;1479;80;48;45;48;48;0.5;0.4666666666666667
Bones/Right3;0;1529;80;48;45;48;48;0.5;0.4666666666666667
Boom/Left1;0;1;468;47;43;48;48;0.48936170212765956;0.4418604651162791
Boom/Left2;0;917;159;46;47;48;48;0.5;0.48936170212765956
Boom/Left3;0;965;175;46;43;48;48;0.5;0.4418604651162791
Boom/Right1;0;50;468;47;43;48;48;0.5106382978723404;0.4418604651162791
Boom/Right2;0;869;161;46;47;48;48;0.5;0.48936170212765956
Boom/Right3;0;917;208;46;43;48;48;0.5;0.4418604651162791
Brick/Brown;0;1171;73;48;48;48;48;0.5;0.5
Brick/Gray;0;1221;73;48;48;48;48;0.5;0.5
Bug/Down;0;379;440;40;25;48;48;0.5;0.04
Bug/DownLeft;0;729;202;40;25;48;48;0.5;0.04
Bug/Up;0;1933;266;38;25;48;48;0.5263157894736842;0.04
Bug/UpLeft;0;1701;315;38;25;48;48;0.47368421052631576;0.04
Button/Fixed/BR;0;1125;137;44;31;48;48;0.5;0.22580645161290322
Button/Fixed/BRDown;0;965;154;44;19;48;48;0.5;-0.2631578947368421
Button/Fixed/BROff;0;1621;241;44;31;48;48;0.5;0.22580645161290322
Button/Fixed/BROffDown;0;1841;249;44;19;48;48;0.5;-0.2631578947368421
Button/Fixed/GY;0;1887;219;44;31;48;48;0.5;0.22580645161290322
Button/Fixed/GYDown;0;1887;252;44;19;48;48;0.5;-0.2631578947368421
Button/Fixed/GYOff;0;243;323;44;31;48;48;0.5;0.22580645161290322
Button/Fixed/GYOffDown;0;1745;266;44;19;48;48;0.5;-0.2631578947368421
Button/Standard/BR;0;1113;270;44;31;48;48;0.5;0.22580645161290322
Button/Standard/BRDown;0;1791;270;44;19;48;48;0.5;-0.2631578947368421
Button/Standard/BROff;0;1159;270;44;31;48;48;0.5;0.22580645161290322
Button/Standard/BROffDown;0;1837;270;44;19;48;48;0.5;-0.2631578947368421
Button/Standard/GY;0;1205;270;44;31;48;48;0.5;0.22580645161290322
Button/Standard/GYDown;0;1883;273;44;19;48;48;0.5;-0.2631578947368421
Button/Standard/GYOff;0;1517;272;44;31;48;48;0.5;0.22580645161290322
Button/Standard/GYOffDown;0;1287;305;44;19;48;48;0.5;-0.2631578947368421
Button/Timed/BR;0;1563;272;44;31;48;48;0.5;0.22580645161290322
Button/Timed/BRDown;0;1333;306;44;19;48;48;0.5;-0.2631578947368421
Button/Timed/BROff;0;1609;274;44;31;48;48;0.5;0.22580645161290322
Button/Timed/BROffDown;0;1379;306;44;19;48;48;0.5;-0.2631578947368421
Button/Timed/GY;0;1655;277;44;31;48;48;0.5;0.22580645161290322
Button/Timed/GYDown;0;1425;305;44;19;48;48;0.5;-0.2631578947368421
Button/Timed/GYOff;0;1745;287;44;31;48;48;0.5;0.22580645161290322
Button/Timed/GYOffDown;0;1471;305;44;19;48;48;0.5;-0.2631578947368421
Buzz/Left1;0;1629;172;30;44;48;48;0.5;0.4772727272727273
Buzz/Left2;0;1711;123;32;44;48;48;0.46875;0.4772727272727273
Buzz/Left3;0;329;394;36;44;48;48;0.4722222222222222;0.4772727272727273
Buzz/Right1;0;1713;215;30;44;48;48;0.43333333333333335;0.4772727272727273
Buzz/Right2;0;1711;169;32;44;48;48;0.46875;0.4772727272727273
Buzz/Right3;0;367;394;36;44;48;48;0.4722222222222222;0.4772727272727273
Cannon/Diagonal;0;1579;80;48;48;48;48;0.5;0.5
Cannon/Horizontal;0;1661;82;48;48;48;48;0.5;0.5
Cannon/Vertical;0;289;168;48;48;48;48;0.5;0.5
Chest/Closed;0;1171;123;48;45;48;48;0.5;0.4666666666666667
Chest/Lock;0;1221;123;48;45;48;48;0.5;0.4666666666666667
Chest/Open;0;1301;124;48;47;48;48;0.5;0.48936170212765956
Chomper/Fire/Closed;0;339;168;48;48;48;48;0.5;0.5
Chomper/Fire/Open;0;389;168;48;48;48;48;0.5;0.5
Chomper/Fixed/Dead;0;439;168;48;48;48;48;0.5;0.5
Chomper/Fixed/Open;0;489;168;48;48;48;48;0.5;0.5
Chomper/FixedMetal/Dead;0;1351;124;48;48;48;48;0.5;0.5
Chomper/FixedMetal/Open;0;1429;127;48;48;48;48;0.5;0.5
Chomper/Grass/Closed;0;1479;127;48;48;48;48;0.5;0.5
Chomper/Grass/Open;0;1529;127;48;48;48;48;0.5;0.5
Chomper/Metal/Closed;0;1579;130;48;48;48;48;0.5;0.5
Chomper/Metal/Open;0;1661;132;48;48;48;48;0.5;0.5
Chomper/Standard/Closed;0;1479;127;48;48;48;48;0.5;0.5
Chomper/Standard/Open;0;1529;127;48;48;48;48;0.5;0.5
Dire/Left1;0;1;99;90;92;96;96;0.5;0.4891304347826087
Dire/Left2;0;385;1;94;86;96;96;0.5;0.47674418604651164
Dire/Left3;0;191;1;95;86;96;96;0.5052631578947369;0.5
Dire/Right1;0;99;1;90;92;96;96;0.5;0.4891304347826087
Dire/Right2;0;481;1;94;86;96;96;0.5;0.47674418604651164
Dire/Right3;0;288;1;95;86;96;96;0.49473684210526314;0.5
Door/Locked/Blue;0;393;89;48;77;48;96;0.5;0.37662337662337664
Door/Locked/Green;0;443;89;48;77;48;96;0.5;0.37662337662337664
Door/Locked/Red;0;493;89;48;77;48;96;0.5;0.37662337662337664
Door/Locked/Yellow;0;93;289;48;77;48;96;0.5;0.37662337662337664
Door/Standard/Blue;0;143;281;48;77;48;96;0.5;0.37662337662337664
Door/Standard/Green;0;577;92;48;77;48;96;0.5;0.37662337662337664
Door/Standard/Open;0;151;360;48;77;48;96;0.5;0.37662337662337664
Door/Standard/Red;0;627;92;48;77;48;96;0.5;0.37662337662337664
Door/Standard/Yellow;0;677;89;48;77;48;96;0.5;0.37662337662337664
Elemental/Air/Left;0;869;96;46;63;48;64;0.5;0.5079365079365079
Elemental/Air/Right;0;917;94;46;63;48;64;0.5;0.5079365079365079
Elemental/Earth/Left;0;773;96;46;64;48;64;0.5;0.5
Elemental/Earth/Right;0;821;96;46;64;48;64;0.5;0.5
Elemental/Eye/Eye;0;1745;124;48;48;48;48;0.5;0.5
Elemental/Fire/Left;0;965;94;44;58;44;58;0.5;0.5
Elemental/Fire/Right;0;1125;77;44;58;44;58;0.5;0.5
Elemental/MiniAir;0;771;205;29;22;48;48;0.5517241379310345;0.45454545454545453
Emblem/Blue;0;1396;200;24;20;24;20;0.5;0.5
Emblem/BlueOff;0;1178;445;24;20;24;20;0.5;0.5
Emblem/Green;0;1613;347;24;20;24;20;0.5;0.5
Emblem/GreenOff;0;1978;50;24;20;24;20;0.5;0.5
Emblem/Red;0;1712;466;24;20;24;20;0.5;0.5
Emblem/RedOff;0;1979;367;24;20;24;20;0.5;0.5
Emblem/Yellow;0;1979;389;24;20;24;20;0.5;0.5
Emblem/YellowOff;0;1979;411;24;20;24;20;0.5;0.5
Exclaim/Active;0;1429;177;48;48;48;48;0.5;0.5
Exclaim/Inactive;0;1479;177;48;48;48;48;0.5;0.5
Exclaim/Transparent;0;1529;177;48;48;48;48;0.5;0.5
Flag/Blue;0;73;377;36;79;48;96;0.5555555555555556;0.3924050632911392
Flag/Finish;0;727;89;44;73;48;96;0.45454545454545453;0.3424657534246575
Flag/Red;0;111;368;38;79;48;96;0.5263157894736842;0.3924050632911392
Flag/White;0;543;89;32;73;48;96;0.625;0.3424657534246575
Flair/Electric/Left1;0;1271;73;28;44;48;48;0.5;0.4772727272727273
Flair/Electric/Left2;0;1271;119;28;44;48;48;0.5;0.4772727272727273
Flair/Electric/Left3;0;1973;92;30;44;48;48;0.5333333333333333;0.4772727272727273
Flair/Electric/Right1;0;131;467;28;44;48;48;0.5714285714285714;0.4772727272727273
Flair/Electric/Right2;0;161;467;28;44;48;48;0.5714285714285714;0.4772727272727273
Flair/Electric/Right3;0;1973;138;30;44;48;48;0.5333333333333333;0.4772727272727273
Flair/Fire/Left1;0;191;467;28;44;48;48;0.5;0.4772727272727273
Flair/Fire/Left2;0;221;467;28;44;48;48;0.5;0.4772727272727273
Flair/Fire/Left3;0;1973;184;30;44;48;48;0.5333333333333333;0.4772727272727273
Flair/Fire/Right1;0;251;467;28;44;48;48;0.5714285714285714;0.4772727272727273
Flair/Fire/Right2;0;281;467;28;44;48;48;0.5714285714285714;0.4772727272727273
Flair/Fire/Right3;0;1973;230;30;44;48;48;0.5333333333333333;0.4772727272727273
Flair/Magic/Left1;0;311;467;28;44;48;48;0.5;0.4772727272727273
Flair/Magic/Left2;0;341;467;28;44;48;48;0.5;0.4772727272727273
Flair/Magic/Left3;0;1973;276;30;44;48;48;0.5333333333333333;0.4772727272727273
Flair/Magic/Right1;0;371;467;28;44;48;48;0.5714285714285714;0.4772727272727273
Flair/Magic/Right2;0;401;467;28;44;48;48;0.5714285714285714;0.4772727272727273
Flair/Magic/Right3;0;99;467;30;44;48;48;0.5333333333333333;0.4772727272727273
Ghost/Hat/Left;0;1113;220;44;48;48;48;0.5227272727272727;0.5
Ghost/Hat/Right;0;1159;220;44;48;48;48;0.4772727272727273;0.5
Ghost/Hide/Left;0;1933;119;38;47;48;48;0.4473684210526316;0.48936170212765956
Ghost/Hide/Right;0;1933;168;38;47;48;48;0.5526315789473685;0.48936170212765956
Ghost/Norm/Left;0;1933;217;38;47;48;48;0.4473684210526316;0.48936170212765956
Ghost/Norm/Right;0;247;356;38;47;48;48;0.5526315789473685;0.48936170212765956
Goo/Blue/Dead;0;1013;213;48;11;48;48;0.5;-1.1818181818181819
Goo/Blue/DeadLeft;0;151;439;48;11;48;48;0.5;-1.1818181818181819
Goo/Blue/Down;0;1063;194;48;25;48;48;0.5;0.04
Goo/Blue/DownLeft;0;1914;92;48;25;48;48;0.5;0.04
Goo/Blue/Up;0;1701;284;42;29;48;48;0.5;0.1724137931034483
Goo/Blue/UpLeft;0;1791;291;42;29;48;48;0.47619047619047616;0.1724137931034483
Goo/Green/Dead;0;191;182;48;11;48;48;0.5;-1.1818181818181819
Goo/Green/DeadLeft;0;141;454;48;11;48;48;0.5;-1.1818181818181819
Goo/Green/Down;0;193;330;48;25;48;48;0.5;0.04
Goo/Green/DownLeft;0;329;440;48;25;48;48;0.5;0.04
Goo/Green/Up;0;1835;291;42;29;48;48;0.5;0.1724137931034483
Goo/Green/UpLeft;0;1929;293;42;29;48;48;0.47619047619047616;0.1724137931034483
Goo/Orange/Dead;0;191;454;48;11;48;48;0.5;-1.1818181818181819
Goo/Orange/DeadLeft;0;241;454;48;11;48;48;0.5;-1.1818181818181819
Goo/Orange/Down;0;457;438;48;25;48;48;0.5;0.04
Goo/Orange/DownLeft;0;1063;270;48;25;48;48;0.5;0.04
Goo/Orange/Up;0;1879;294;42;29;48;48;0.5;0.1724137931034483
Goo/Orange/UpLeft;0;1517;305;42;29;48;48;0.47619047619047616;0.1724137931034483
GreenNinja/Dance;0;754;343;32;39;38;44;0.5;0.4358974358974359
GreenNinja/DanceLeft;0;799;162;32;39;38;44;0.4375;0.4358974358974359
GreenNinja/Fall;0;728;475;34;36;38;44;0.47058823529411764;0.4722222222222222
GreenNinja/FallLeft;0;833;275;34;36;38;44;0.47058823529411764;0.4722222222222222
GreenNinja/Jump;0;549;258;34;43;38;44;0.47058823529411764;0.5116279069767442
GreenNinja/JumpLeft;0;585;210;34;43;38;44;0.47058823529411764;0.5116279069767442
GreenNinja/Kick;0;833;162;34;39;38;44;0.47058823529411764;0.4358974358974359
GreenNinja/KickLeft;0;869;244;34;39;38;44;0.47058823529411764;0.4358974358974359
GreenNinja/Run;0;1639;310;36;38;38;44;0.5;0.4473684210526316
GreenNinja/RunHold;0;959;326;33;38;38;44;0.42424242424242425;0.4473684210526316
GreenNinja/RunHoldLeft;0;869;285;34;38;38;44;0.5294117647058824;0.4473684210526316
GreenNinja/RunLeft;0;795;234;35;38;38;44;0.45714285714285713;0.4473684210526316
GreenNinja/Stand;0;771;164;26;39;38;44;0.5384615384615384;0.4358974358974359
GreenNinja/StandHold;0;752;434;33;39;38;44;0.42424242424242425;0.4358974358974359
GreenNinja/StandHoldLeft;0;905;253;34;39;38;44;0.5294117647058824;0.4358974358974359
GreenNinja/StandLeft;0;836;456;26;39;38;44;0.38461538461538464;0.4358974358974359
GreenNinja/StandRun;0;864;456;30;39;38;44;0.6;0.4358974358974359
GreenNinja/StandRunLeft;0;928;325;29;39;38;44;0.3448275862068966;0.4358974358974359
GreenNinja/Turn;0;839;203;28;39;38;44;0.5714285714285714;0.4358974358974359
GreenNinja/TurnLeft;0;1003;366;28;39;38;44;0.35714285714285715;0.4358974358974359
GreenNinja/Walk;0;994;326;32;38;38;44;0.4375;0.4473684210526316
GreenNinja/WalkLeft;0;1133;303;32;38;38;44;0.5;0.4473684210526316
GreenWizard/Dance;0;832;244;35;29;38;44;0.45714285714285713;0.2413793103448276
GreenWizard/DanceLeft;0;905;294;35;29;38;44;0.5428571428571428;0.2413793103448276
GreenWizard/Fall;0;862;392;35;24;38;44;0.45714285714285713;0.2916666666666667
GreenWizard/FallLeft;0;929;366;35;24;38;44;0.5428571428571428;0.2916666666666667
GreenWizard/Jump;0;727;229;32;43;38;44;0.5;0.5116279069767442
GreenWizard/JumpLeft;0;761;229;32;43;38;44;0.5;0.5116279069767442
GreenWizard/Kick;0;1642;442;34;21;38;44;0.47058823529411764;-0.047619047619047616
GreenWizard/KickLeft;0;1699;364;34;21;38;44;0.5294117647058824;-0.047619047619047616
GreenWizard/Run;0;1735;368;34;20;38;44;0.5294117647058824;-0.05
GreenWizard/RunHold;0;1858;348;33;20;38;44;0.42424242424242425;-0.05
GreenWizard/RunHoldLeft;0;1852;370;33;20;38;44;0.5757575757575758;-0.05
GreenWizard/RunLeft;0;1771;370;34;20;38;44;0.47058823529411764;-0.05
GreenWizard/Stand;0;1730;492;26;19;38;44;0.5384615384615384;-0.15789473684210525
GreenWizard/StandHold;0;1858;325;33;21;38;44;0.42424242424242425;-0.047619047619047616
GreenWizard/StandHoldLeft;0;1924;324;33;21;38;44;0.5757575757575758;-0.047619047619047616
GreenWizard/StandLeft;0;1758;492;26;19;38;44;0.46153846153846156;-0.15789473684210525
GreenWizard/StandRun;0;1947;393;30;21;38;44;0.6;-0.047619047619047616
GreenWizard/StandRunLeft;0;1947;416;30;21;38;44;0.4;-0.047619047619047616
GreenWizard/Turn;0;1613;410;28;23;38;44;0.5714285714285714;0.043478260869565216
GreenWizard/TurnLeft;0;1379;488;28;23;38;44;0.42857142857142855;0.043478260869565216
GreenWizard/Walk;0;1738;410;30;18;38;44;0.4666666666666667;-0.16666666666666666
GreenWizard/WalkLeft;0;1738;472;30;18;38;44;0.5333333333333333;-0.16666666666666666
Hat/AngelHat;0;1739;348;36;18;38;32;0.5;0.3888888888888889
Hat/AngelHatLeft;0;1777;350;36;18;38;32;0.5;0.3888888888888889
Hat/BambooHat;0;1802;100;34;22;38;32;0.5;0.4090909090909091
Hat/BambooHatLeft;0;1002;448;34;22;38;32;0.5;0.4090909090909091
Hat/BaseballHat;0;1843;416;33;18;38;32;0.42424242424242425;0.3888888888888889
Hat/BaseballHatLeft;0;1878;416;33;18;38;32;0.5757575757575758;0.3888888888888889
Hat/CowboyHat;0;1741;320;37;26;38;32;0.5135135135135135;0.4230769230769231
Hat/CowboyHatLeft;0;507;438;37;26;38;32;0.4864864864864865;0.4230769230769231
Hat/FeatheredHat;0;1815;350;35;24;38;32;0.5428571428571428;0.4583333333333333
Hat/FeatheredHatLeft;0;966;366;35;24;38;32;0.45714285714285713;0.4583333333333333
Hat/FedoraHat;0;1925;347;32;22;38;32;0.5;0.45454545454545453
Hat/FedoraHatLeft;0;1843;392;32;22;38;32;0.5;0.45454545454545453
Hat/HardHat;0;1735;390;34;18;38;32;0.47058823529411764;0.3333333333333333
Hat/HardHatLeft;0;1771;392;34;18;38;32;0.5294117647058824;0.3333333333333333
Hat/RangerHat;0;1780;322;37;26;38;32;0.5135135135135135;0.4230769230769231
Hat/RangerHatLeft;0;1819;322;37;26;38;32;0.4864864864864865;0.4230769230769231
Hat/SpikeyHat;0;619;479;35;32;38;32;0.5428571428571428;0.5
Hat/SpikeyHatLeft;0;869;210;35;32;38;32;0.45714285714285713;0.5
Hat/TopHat;0;1065;338;34;24;38;32;0.5;0.5
Hat/TopHatLeft;0;1075;446;34;24;38;32;0.5;0.5
Hat/WizBlueHat;0;1770;412;32;20;38;32;0.53125;0.35
Hat/WizBlueHatLeft;0;1804;421;32;20;38;32;0.46875;0.35
Hat/WizCyanHat;0;1804;465;30;18;30;18;0.5;0.5
Hat/WizCyanHatLeft;0;1940;439;30;18;30;18;0.5;0.5
Hat/WizGreenHat;0;1770;434;32;20;38;32;0.53125;0.35
Hat/WizGreenHatLeft;0;1770;456;32;20;38;32;0.46875;0.35
Hat/WizRedHat;0;1804;443;32;20;38;32;0.53125;0.35
Hat/WizRedHatLeft;0;1838;436;32;20;38;32;0.46875;0.35
Hat/WizWhiteHat;0;1872;436;32;20;38;32;0.53125;0.35
Hat/WizWhiteHatLeft;0;1906;436;32;20;38;32;0.46875;0.35
Head/Poo/Left;0;846;497;17;13;19;22;0.5;0.6923076923076923
Head/Poo/Right;0;865;497;17;13;19;22;0.5;0.6923076923076923
Head/Ryu/Left;0;1205;382;32;30;38;44;0.5;0.6333333333333333
Head/Ryu/Right;0;1172;481;32;30;38;44;0.5;0.6333333333333333
Items/Bomb;0;965;220;46;41;48;48;0.5;0.4146341463414634
Items/BombFlash;0;1429;227;46;41;48;48;0.5;0.4146341463414634
Items/Boulder;0;729;164;40;36;40;36;0.5;0.5
Items/Feather;0;1667;232;44;43;48;48;0.5;0.4418604651162791
Items/Key;0;750;404;32;28;32;28;0.5;0.5
Items/TNT;0;1205;220;44;48;48;48;0.5;0.5
Lich/Left1;0;785;1;60;93;96;96;0.48333333333333334;0.4838709677419355
Lich/Left2;0;909;1;54;91;96;96;0.5;0.4725274725274725
Lich/Left3;0;1;377;70;89;96;96;0.4714285714285714;0.4606741573033708
Lich/Right1;0;847;1;60;93;96;96;0.5166666666666667;0.4838709677419355
Lich/Right2;0;965;1;54;91;96;96;0.5;0.4725274725274725
Lich/Right3;0;577;1;70;89;96;96;0.5285714285714286;0.4606741573033708
Liz/Left1;0;1829;1;82;47;96;48;0.5;0.48936170212765956
Liz/Left2;0;1661;1;82;48;96;48;0.5;0.5
Liz/Left3;0;1913;1;82;47;96;48;0.5;0.48936170212765956
Liz/Right1;0;1746;51;82;47;96;48;0.5;0.48936170212765956
Liz/Right2;0;1745;1;82;48;96;48;0.5;0.5
Liz/Right3;0;1830;50;82;47;96;48;0.5;0.48936170212765956
Moosh/Brown/Left1;0;799;275;32;35;48;48;0.46875;0.3142857142857143
Moosh/Brown/Left2;0;1205;343;32;37;48;48;0.46875;0.35135135135135137
Moosh/Brown/Left3;0;968;432;32;39;48;48;0.46875;0.38461538461538464
Moosh/Brown/Right1;0;1241;450;32;35;48;48;0.46875;0.3142857142857143
Moosh/Brown/Right2;0;1433;326;32;37;48;48;0.46875;0.35135135135135137
Moosh/Brown/Right3;0;1002;407;32;39;48;48;0.46875;0.38461538461538464
Moosh/Purple/Left1;0;1275;450;32;35;48;48;0.46875;0.3142857142857143
Moosh/Purple/Left2;0;1467;326;32;37;48;48;0.46875;0.35135135135135137
Moosh/Purple/Left3;0;1063;297;32;39;48;48;0.46875;0.38461538461538464
Moosh/Purple/Right1;0;1309;450;32;35;48;48;0.46875;0.3142857142857143
Moosh/Purple/Right2;0;1405;368;32;37;48;48;0.46875;0.35135135135135137
Moosh/Purple/Right3;0;1033;364;32;39;48;48;0.46875;0.38461538461538464
Moosh/White/Left1;0;1358;403;32;35;48;48;0.46875;0.3142857142857143
Moosh/White/Left2;0;1439;365;32;37;48;48;0.46875;0.35135135135135137
Moosh/White/Left3;0;1036;405;32;39;48;48;0.46875;0.38461538461538464
Moosh/White/Right1;0;1428;407;32;35;48;48;0.46875;0.3142857142857143
Moosh/White/Right2;0;1473;365;32;37;48;48;0.46875;0.35135135135135137
Moosh/White/Right3;0;1067;364;32;39;48;48;0.46875;0.38461538461538464
NPC/BlackNinja;0;1401;118;26;39;48;48;0.46153846153846156;0.38461538461538464
NPC/BlueNinja;0;696;352;26;39;48;48;0.46153846153846156;0.38461538461538464
NPC/BlueWizard;0;1263;170;34;47;48;48;0.47058823529411764;0.48936170212765956
NPC/Girl;0;1973;322;30;43;48;48;0.4666666666666667;0.4418604651162791
NPC/GreenNinja;0;836;456;26;39;48;48;0.46153846153846156;0.38461538461538464
NPC/GreenWizard;0;281;225;34;47;48;48;0.47058823529411764;0.48936170212765956
NPC/Guy;0;513;393;32;43;48;48;0.5;0.4418604651162791
NPC/MasterNinja;0;1251;219;34;48;48;48;0.5;0.5
NPC/RedNinja;0;1270;343;26;39;48;48;0.46153846153846156;0.38461538461538464
NPC/RedWizard;0;285;274;34;47;48;48;0.47058823529411764;0.48936170212765956
NPC/WhiteNinja;0;1405;327;26;39;48;48;0.46153846153846156;0.38461538461538464
NPC/WhiteWizard;0;293;405;34;47;48;48;0.47058823529411764;0.48936170212765956
Octo/Left1;0;1299;173;47;45;48;48;0.5106382978723404;0.4666666666666667
Octo/Left2;0;1579;180;48;47;48;48;0.5;0.48936170212765956
Octo/Left3;0;1661;182;48;48;48;48;0.5;0.5
Octo/Right1;0;1745;174;48;45;48;48;0.5;0.4666666666666667
Octo/Right2;0;1213;170;48;47;48;48;0.5;0.48936170212765956
Octo/Right3;0;1013;163;48;48;48;48;0.5;0.5
Orb/Earth;0;1133;343;34;34;48;48;0.5;0.47058823529411764
Orb/Fire;0;1169;343;34;34;48;48;0.5;0.47058823529411764
Orb/Forest;0;1136;410;34;34;48;48;0.5;0.47058823529411764
Orb/Magic;0;1204;414;34;34;48;48;0.5;0.47058823529411764
Orb/Water;0;1235;307;34;34;48;48;0.5;0.47058823529411764
Particles/AirPuff;0;415;353;40;38;40;40;0.5;0.5
Particles/Bone;0;800;497;30;14;30;14;0.5;0.5
Particles/Brick;0;1271;326;30;15;30;15;0.5;0.5
Particles/BrickGray;0;1564;474;30;15;30;15;0.5;0.5
Particles/EmberDark;0;1661;232;4;4;4;4;0.5;0.5
Particles/EmberHot;0;235;195;4;4;4;4;0.5;0.5
Particles/Fireball;0;143;360;6;6;6;6;0.5;0.5
Particles/GrenadeFrag;0;832;497;12;14;12;14;0.5;0.5
Particles/Leaf;0;111;449;28;16;28;16;0.5;0.5
Particles/Water;0;1097;297;4;4;4;4;0.5;0.5
Particles/WoodFrag;0;1838;458;30;15;30;15;0.5;0.5
Placer/Horizontal;0;1063;144;48;48;48;48;0.5;0.5
Placer/Vertical;0;1113;170;48;48;48;48;0.5;0.5
Poke/Left1;0;141;95;48;91;48;96;0.5;0.4725274725274725
Poke/Left2;0;93;99;46;93;48;96;0.5;0.4838709677419355
Poke/Left3;0;141;188;46;91;48;96;0.5;0.4725274725274725
Poke/Right1;0;191;89;48;91;48;96;0.5;0.4725274725274725
Poke/Right2;0;93;194;46;93;48;96;0.5;0.4838709677419355
Poke/Right3;0;241;89;46;91;48;96;0.5;0.4725274725274725
Projectiles/Bolt;0;1887;99;24;18;24;18;0.5;0.5
Projectiles/BoltGold;0;1978;72;24;18;24;18;0.5;0.5
Projectiles/BoltGreen;0;1979;433;24;18;24;18;0.5;0.5
Projectiles/Bullet;0;1333;327;34;34;48;48;0.5;0.5
Projectiles/Earth1;0;1714;443;26;21;26;21;0.5;0.5
Projectiles/Earth2;0;1465;461;20;18;20;18;0.5;0.5
Projectiles/Electric;0;1677;352;20;20;20;20;0.5;0.5
Projectiles/Fire;0;1713;387;20;20;20;20;0.5;0.5
Projectiles/Frost;0;1957;371;20;20;20;20;0.5;0.5
Projectiles/Grenade;0;1175;379;28;32;28;32;0.5;0.5
Projectiles/Ice;0;1814;485;20;20;20;20;0.5;0.5
Projectiles/Magi;0;1371;461;20;20;20;20;0.5;0.5
Projectiles/Magi2;0;1421;444;20;20;20;20;0.5;0.5
Projectiles/Slime;0;1421;466;20;20;20;20;0.5;0.5
Projectiles/Water;0;1443;461;20;20;20;20;0.5;0.5
RedNinja/Dance;0;1070;405;32;39;38;44;0.5;0.4358974358974359
RedNinja/DanceLeft;0;1039;472;32;39;38;44;0.4375;0.4358974358974359
RedNinja/Fall;0;764;475;34;36;38;44;0.47058823529411764;0.4722222222222222
RedNinja/FallLeft;0;860;418;34;36;38;44;0.47058823529411764;0.4722222222222222
RedNinja/Jump;0;585;255;34;43;38;44;0.47058823529411764;0.5116279069767442
RedNinja/JumpLeft;0;621;210;34;43;38;44;0.47058823529411764;0.5116279069767442
RedNinja/Kick;0;787;415;34;39;38;44;0.47058823529411764;0.4358974358974359
RedNinja/KickLeft;0;800;456;34;39;38;44;0.47058823529411764;0.4358974358974359
RedNinja/Run;0;505;466;36;38;38;44;0.5;0.4473684210526316
RedNinja/RunHold;0;967;392;33;38;38;44;0.42424242424242425;0.4473684210526316
RedNinja/RunHoldLeft;0;896;473;34;38;38;44;0.5294117647058824;0.4473684210526316
RedNinja/RunLeft;0;818;313;35;38;38;44;0.45714285714285713;0.4473684210526316
RedNinja/Stand;0;1330;409;26;39;38;44;0.5384615384615384;0.4358974358974359
RedNinja/StandHold;0;857;351;33;39;38;44;0.42424242424242425;0.4358974358974359
RedNinja/StandHoldLeft;0;892;325;34;39;38;44;0.5294117647058824;0.4358974358974359
RedNinja/StandLeft;0;1270;343;26;39;38;44;0.38461538461538464;0.4358974358974359
RedNinja/StandRun;0;1101;338;30;39;38;44;0.6;0.4358974358974359
RedNinja/StandRunLeft;0;1141;472;29;39;38;44;0.3448275862068966;0.4358974358974359
RedNinja/Turn;0;1240;409;28;39;38;44;0.5714285714285714;0.4358974358974359
RedNinja/TurnLeft;0;1270;409;28;39;38;44;0.35714285714285715;0.4358974358974359
RedNinja/Walk;0;1167;303;32;38;38;44;0.4375;0.4473684210526316
RedNinja/WalkLeft;0;1201;303;32;38;38;44;0.5;0.4473684210526316
RedWizard/Dance;0;1138;379;35;29;38;44;0.45714285714285713;0.2413793103448276
RedWizard/DanceLeft;0;1204;450;35;29;38;44;0.5428571428571428;0.2413793103448276
RedWizard/Fall;0;1028;338;35;24;38;44;0.45714285714285713;0.2916666666666667
RedWizard/FallLeft;0;1038;446;35;24;38;44;0.5428571428571428;0.2916666666666667
RedWizard/Jump;0;547;393;32;43;38;44;0.5;0.5116279069767442
RedWizard/JumpLeft;0;608;300;32;43;38;44;0.5;0.5116279069767442
RedWizard/Kick;0;1678;443;34;21;38;44;0.47058823529411764;-0.047619047619047616
RedWizard/KickLeft;0;1807;376;34;21;38;44;0.5294117647058824;-0.047619047619047616
RedWizard/Run;0;1807;399;34;20;38;44;0.5294117647058824;-0.05
RedWizard/RunHold;0;1887;371;33;20;38;44;0.42424242424242425;-0.05
RedWizard/RunHoldLeft;0;1922;371;33;20;38;44;0.5757575757575758;-0.05
RedWizard/RunLeft;0;1462;439;34;20;38;44;0.47058823529411764;-0.05
RedWizard/Stand;0;1966;473;26;19;38;44;0.5384615384615384;-0.15789473684210525
RedWizard/StandHold;0;1877;393;33;21;38;44;0.42424242424242425;-0.047619047619047616
RedWizard/StandHoldLeft;0;1912;393;33;21;38;44;0.5757575757575758;-0.047619047619047616
RedWizard/StandLeft;0;1786;485;26;19;38;44;0.46153846153846156;-0.15789473684210525
RedWizard/StandRun;0;1870;458;30;21;38;44;0.6;-0.047619047619047616
RedWizard/StandRunLeft;0;1902;458;30;21;38;44;0.4;-0.047619047619047616
RedWizard/Turn;0;1409;488;28;23;38;44;0.5714285714285714;0.043478260869565216
RedWizard/TurnLeft;0;1439;488;28;23;38;44;0.42857142857142855;0.043478260869565216
RedWizard/Walk;0;1836;475;30;18;38;44;0.4666666666666667;-0.16666666666666666
RedWizard/WalkLeft;0;1868;481;30;18;38;44;0.5333333333333333;-0.16666666666666666
Saw/Large;0;1;193;90;90;96;96;0.5;0.5
Saw/Lethal;0;1348;174;46;46;48;48;0.5;0.5
Saw/LethalLarge;0;1;285;90;90;96;96;0.5;0.5
Saw/Small;0;1287;220;46;46;48;48;0.5;0.5
Shell/Green/Front;0;1097;303;34;33;48;48;0.5;0.2727272727272727
Shell/Green/Left;0;1299;374;34;33;48;48;0.5;0.2727272727272727
Shell/Green/Right;0;1392;407;34;33;48;48;0.5;0.2727272727272727
Shell/Green/Side;0;1462;404;34;33;48;48;0.5;0.2727272727272727
Shell/GreenWing/Front;0;287;368;38;35;48;48;0.5;0.3142857142857143
Shell/GreenWing/Left;0;543;478;36;33;48;48;0.5277777777777778;0.2727272727272727
Shell/GreenWing/Right;0;581;478;36;33;48;48;0.4722222222222222;0.2727272727272727
Shell/GreenWing/Side;0;1561;305;38;35;48;48;0.5;0.3142857142857143
Shell/Heavy/Front;0;1498;404;34;33;48;48;0.5;0.2727272727272727
Shell/Heavy/Left;0;1541;342;34;33;48;48;0.5;0.2727272727272727
Shell/Heavy/Right;0;1541;377;34;33;48;48;0.5;0.2727272727272727
Shell/Heavy/Side;0;1534;412;34;33;48;48;0.5;0.2727272727272727
Shell/Red/Front;0;1577;347;34;33;48;48;0.5;0.2727272727272727
Shell/Red/Left;0;1577;382;34;33;48;48;0.5;0.2727272727272727
Shell/Red/Right;0;1570;417;34;33;48;48;0.5;0.2727272727272727
Shell/Red/Side;0;1643;384;34;33;48;48;0.5;0.2727272727272727
Shroom/Black/Left1;0;1383;222;44;45;48;48;0.4772727272727273;0.4666666666666667
Shroom/Black/Left2;0;1795;174;44;47;48;48;0.4772727272727273;0.48936170212765956
Shroom/Black/Left3;0;1795;124;44;48;48;48;0.4772727272727273;0.5
Shroom/Black/Right1;0;201;406;44;45;48;48;0.4772727272727273;0.4666666666666667
Shroom/Black/Right2;0;189;195;44;47;48;48;0.4772727272727273;0.48936170212765956
Shroom/Black/Right3;0;1841;99;44;48;48;48;0.4772727272727273;0.5
Shroom/Purple/Left1;0;247;405;44;45;48;48;0.4772727272727273;0.4666666666666667
Shroom/Purple/Left2;0;193;281;44;47;48;48;0.4772727272727273;0.48936170212765956
Shroom/Purple/Left3;0;1841;149;44;48;48;48;0.4772727272727273;0.5
Shroom/Purple/Right1;0;317;218;44;45;48;48;0.4772727272727273;0.4666666666666667
Shroom/Purple/Right2;0;235;225;44;47;48;48;0.4772727272727273;0.48936170212765956
Shroom/Purple/Right3;0;1841;199;44;48;48;48;0.4772727272727273;0.5
Shroom/Red/Left1;0;363;218;44;45;48;48;0.4772727272727273;0.4666666666666667
Shroom/Red/Left2;0;239;274;44;47;48;48;0.4772727272727273;0.48936170212765956
Shroom/Red/Left3;0;1887;119;44;48;48;48;0.4772727272727273;0.5
Shroom/Red/Right1;0;409;218;44;45;48;48;0.4772727272727273;0.4666666666666667
Shroom/Red/Right2;0;201;357;44;47;48;48;0.4772727272727273;0.48936170212765956
Shroom/Red/Right3;0;1887;169;44;48;48;48;0.4772727272727273;0.5
Slammer/Standard;0;1;1;96;96;96;96;0.5;0.5
Snail/Left1;0;1477;227;46;41;48;48;0.5;0.4146341463414634
Snail/Left2;0;1525;227;46;43;48;48;0.5;0.4418604651162791
Snail/Left3;0;1335;222;46;45;48;48;0.5;0.4666666666666667
Snail/Right1;0;1573;229;46;41;48;48;0.5;0.4146341463414634
Snail/Right2;0;1745;221;46;43;48;48;0.5;0.4418604651162791
Snail/Right3;0;1793;223;46;45;48;48;0.5;0.4666666666666667
Snek/Left1;0;241;182;46;41;48;48;0.5;0.4146341463414634
Snek/Left2;0;503;218;44;41;48;48;0.5227272727272727;0.4146341463414634
Snek/Left3;0;505;261;42;41;48;48;0.5476190476190477;0.4146341463414634
Snek/Right1;0;455;218;46;41;48;48;0.5;0.4146341463414634
Snek/Right2;0;325;310;44;41;48;48;0.4772727272727273;0.4146341463414634
Snek/Right3;0;371;310;42;41;48;48;0.4523809523809524;0.4146341463414634
Spring/Fixed/Down;0;189;244;44;35;48;48;0.5;0.3142857142857143
Spring/Fixed/Up;0;321;265;44;43;48;48;0.5;0.4418604651162791
Spring/Side/Down;0;467;465;36;43;48;48;0.6111111111111112;0.4418604651162791
Spring/Side/DownLeft;0;539;168;36;43;48;48;0.3888888888888889;0.4418604651162791
Spring/Side/Up;0;367;265;44;43;48;48;0.5;0.4418604651162791
Spring/Side/UpLeft;0;413;265;44;43;48;48;0.5;0.4418604651162791
Spring/Standard/Down;0;1287;268;44;35;48;48;0.5;0.3142857142857143
Spring/Standard/Up;0;459;261;44;43;48;48;0.5;0.4418604651162791
Thrash/Fall;0;1165;1;66;70;96;96;0.4696969696969697;0.4142857142857143
Thrash/FallLeft;0;1233;1;66;70;96;96;0.4696969696969697;0.4142857142857143
Thrash/Jump;0;649;1;66;86;96;96;0.4696969696969697;0.47674418604651164
Thrash/JumpLeft;0;717;1;66;86;96;96;0.4696969696969697;0.47674418604651164
Thrash/Run;0;1021;1;70;74;96;96;0.5;0.3918918918918919
Thrash/RunLeft;0;1093;1;70;74;96;96;0.44285714285714284;0.3918918918918919
Thrash/Stand;0;289;89;50;77;96;96;0.54;0.37662337662337664
Thrash/StandLeft;0;341;89;50;77;96;96;0.38;0.37662337662337664
Thrash/StandRun;0;1429;1;58;77;96;96;0.603448275862069;0.37662337662337664
Thrash/StandRunLeft;0;1489;1;58;77;96;96;0.3275862068965517;0.37662337662337664
Thrash/Turn;0;1549;1;54;77;96;96;0.5740740740740741;0.37662337662337664
Thrash/TurnLeft;0;1605;1;54;77;96;96;0.35185185185185186;0.37662337662337664
Thrash/Walk;0;1301;1;62;74;96;96;0.43548387096774194;0.3918918918918919
Thrash/WalkLeft;0;1365;1;62;74;96;96;0.5;0.3918918918918919
Turtle/Down;0;327;353;42;39;48;48;0.5;0.38461538461538464
Turtle/DownLeft;0;371;353;42;39;48;48;0.5;0.38461538461538464
Turtle/Up;0;415;310;42;41;48;48;0.5;0.4146341463414634
Turtle/UpLeft;0;459;306;42;41;48;48;0.5;0.4146341463414634
Vin/Center;0;1163;170;48;48;48;48;0.5;0.5
Vin/Left;0;1013;226;48;47;48;48;0.5;0.48936170212765956
Vin/Right;0;1063;221;48;47;48;48;0.5;0.48936170212765956
Weapon/Axe;0;1507;370;32;32;32;32;0.5;0.5
Weapon/Axe2;0;1507;336;32;32;32;32;0.5;0.5
Weapon/Axe3;0;1643;350;32;32;32;32;0.5;0.5
Weapon/BoxingRed;0;1914;50;62;40;62;40;0.5;0.5
Weapon/BoxingWhite;0;1011;97;62;40;62;40;0.5;0.5
Weapon/Chakram;0;1206;481;32;30;32;30;0.5;0.5
Weapon/Dagger;0;1746;100;54;22;54;22;0.5;0.5
Weapon/DaggerCurved;0;1011;139;50;22;50;22;0.5;0.5
Weapon/Hammer;0;1172;413;30;30;30;30;0.5;0.5
Weapon/Shuriken;0;1679;387;32;32;32;32;0.5;0.5
Weapon/Spear;0;1021;77;90;18;90;18;0.5;0.5
Weapon/Sword;0;1661;51;83;29;90;30;0.4819277108433735;0.4827586206896552
WhiteNinja/Dance;0;1073;472;32;39;38;44;0.5;0.4358974358974359
WhiteNinja/DanceLeft;0;1107;472;32;39;38;44;0.4375;0.4358974358974359
WhiteNinja/Fall;0;1369;327;34;36;38;44;0.47058823529411764;0.4722222222222222
WhiteNinja/FallLeft;0;1369;365;34;36;38;44;0.47058823529411764;0.4722222222222222
WhiteNinja/Jump;0;621;255;34;43;38;44;0.47058823529411764;0.5116279069767442
WhiteNinja/JumpLeft;0;657;212;34;43;38;44;0.47058823529411764;0.5116279069767442
WhiteNinja/Kick;0;896;432;34;39;38;44;0.47058823529411764;0.4358974358974359
WhiteNinja/KickLeft;0;932;432;34;39;38;44;0.47058823529411764;0.4358974358974359
WhiteNinja/Run;0;676;299;36;38;38;44;0.5;0.4473684210526316
WhiteNinja/RunHold;0;968;473;33;38;38;44;0.42424242424242425;0.4473684210526316
WhiteNinja/RunHoldLeft;0;932;473;34;38;38;44;0.5294117647058824;0.4473684210526316
WhiteNinja/RunLeft;0;823;416;35;38;38;44;0.45714285714285713;0.4473684210526316
WhiteNinja/Stand;0;1343;450;26;39;38;44;0.5384615384615384;0.4358974358974359
WhiteNinja/StandHold;0;1028;297;33;39;38;44;0.42424242424242425;0.4358974358974359
WhiteNinja/StandHoldLeft;0;1003;472;34;39;38;44;0.5294117647058824;0.4358974358974359
WhiteNinja/StandLeft;0;1405;327;26;39;38;44;0.38461538461538464;0.4358974358974359
WhiteNinja/StandRun;0;1104;405;30;39;38;44;0.6;0.4358974358974359
WhiteNinja/StandRunLeft;0;1239;343;29;39;38;44;0.3448275862068966;0.4358974358974359
WhiteNinja/Turn;0;1300;409;28;39;38;44;0.5714285714285714;0.4358974358974359
WhiteNinja/TurnLeft;0;1613;369;28;39;38;44;0.35714285714285715;0.4358974358974359
WhiteNinja/Walk;0;979;286;32;38;38;44;0.4375;0.4473684210526316
WhiteNinja/WalkLeft;0;1335;363;32;38;38;44;0.5;0.4473684210526316
WhiteWizard/Dance;0;941;263;35;29;38;44;0.45714285714285713;0.2413793103448276
WhiteWizard/DanceLeft;0;942;294;35;29;38;44;0.5428571428571428;0.2413793103448276
WhiteWizard/Fall;0;1101;379;35;24;38;44;0.45714285714285713;0.2916666666666667
WhiteWizard/FallLeft;0;1111;446;35;24;38;44;0.5428571428571428;0.2916666666666667
WhiteWizard/Jump;0;581;393;32;43;38;44;0.5;0.5116279069767442
WhiteWizard/JumpLeft;0;615;393;32;43;38;44;0.5;0.5116279069767442
WhiteWizard/Kick;0;1498;439;34;21;38;44;0.47058823529411764;-0.047619047619047616
WhiteWizard/KickLeft;0;1534;447;34;21;38;44;0.5294117647058824;-0.047619047619047616
WhiteWizard/Run;0;1570;452;34;20;38;44;0.5294117647058824;-0.05
WhiteWizard/RunHold;0;1593;491;33;20;38;44;0.42424242424242425;-0.05
WhiteWizard/RunHoldLeft;0;1663;488;33;20;38;44;0.5757575757575758;-0.05
WhiteWizard/RunLeft;0;1606;457;34;20;38;44;0.47058823529411764;-0.05
WhiteWizard/Stand;0;1393;442;26;19;38;44;0.5384615384615384;-0.15789473684210525
WhiteWizard/StandHold;0;1529;470;33;21;38;44;0.42424242424242425;-0.047619047619047616
WhiteWizard/StandHoldLeft;0;1628;487;33;21;38;44;0.5757575757575758;-0.047619047619047616
WhiteWizard/StandLeft;0;1393;463;26;19;38;44;0.46153846153846156;-0.15789473684210525
WhiteWizard/StandRun;0;1934;459;30;21;38;44;0.6;-0.047619047619047616
WhiteWizard/StandRunLeft;0;1900;481;30;21;38;44;0.4;-0.047619047619047616
WhiteWizard/Turn;0;1469;488;28;23;38;44;0.5714285714285714;0.043478260869565216
WhiteWizard/TurnLeft;0;1499;488;28;23;38;44;0.42857142857142855;0.043478260869565216
WhiteWizard/Walk;0;1932;482;30;18;38;44;0.4666666666666667;-0.16666666666666666
WhiteWizard/WalkLeft;0;1972;453;30;18;38;44;0.5333333333333333;-0.16666666666666666
Wurm/Left1;0;1425;270;44;33;48;48;0.5227272727272727;0.2727272727272727
Wurm/Left2;0;1333;269;44;35;48;48;0.5227272727272727;0.3142857142857143
Wurm/Left3;0;577;171;40;37;48;48;0.575;0.35135135135135137
Wurm/Right1;0;1471;270;44;33;48;48;0.5227272727272727;0.2727272727272727
Wurm/Right2;0;1379;269;44;35;48;48;0.5227272727272727;0.3142857142857143
Wurm/Right3;0;619;171;40;37;48;48;0.475;0.35135135135135137