#
# Sprite sheet data for MonoGame.
#
# To learn how to import these sprites into your MonoGame project visit:
# https://www.codeandweb.com/texturepacker/monogame
#
# Sprite sheet: Tiles.png (2008 x 496)
# $TexturePacker:SmartUpdate:04eb884d957897de9ebaaf33af1ee418:f9e55341d5d529bf0d327fa0b6d94288:2ad229b3063d76f5699b51e871869f9a$
#

BG/CloudBlue1;0;885;1;144;36;144;36;0.5;0.5
BG/CloudBlue2;0;729;1;154;74;154;74;0.5;0.5
BG/CloudBlue3;0;511;1;216;69;216;69;0.5;0.5
BG/mountain1;0;885;39;128;32;128;32;0.5;0.5
BG/mountain2;0;285;1;224;64;224;64;0.5;0.5
BG/mountain3;0;1;1;282;80;282;80;0.5;0.5
BGObject/Disable/Disable;0;1217;1;48;48;48;48;0.5;0.5
BGObject/Tap/BR;0;1267;1;48;48;48;48;0.5;0.5
BGObject/Tap/GY;0;1317;1;48;48;48;48;0.5;0.5
BGObject/Wind/Down;0;1912;251;41;35;48;48;0.5365853658536586;0.45714285714285713
BGObject/Wind/Left;0;223;235;35;41;48;48;0.5428571428571428;0.5365853658536586
BGObject/Wind/Right;0;1050;408;35;41;48;48;0.45714285714285713;0.4634146341463415
BGObject/Wind/Up;0;1830;322;41;35;48;48;0.4634146341463415;0.5428571428571428
Box/Brown;0;1367;1;48;48;48;48;0.5;0.5
Box/Gray;0;1417;1;48;48;48;48;0.5;0.5
Cloud/S;0;1467;1;48;48;48;48;0.5;0.5
Conveyor/Left;0;149;328;48;46;48;48;0.5;0.5217391304347826
Conveyor/Right;0;511;72;48;46;48;48;0.5;0.5217391304347826
Conveyor/SlowLeft;0;561;72;48;46;48;48;0.5;0.5217391304347826
Conveyor/SlowRight;0;611;72;48;46;48;48;0.5;0.5217391304347826
Conveyor/Track1;0;409;121;48;25;48;48;0.5;0.96
Conveyor/Track2;0;459;121;48;25;48;48;0.5;0.96
Conveyor/Track3;0;709;127;48;25;48;48;0.5;0.96
Decor/Bulge1;0;859;217;44;13;48;48;0.5;-0.8461538461538461
Decor/Bulge2;0;465;67;44;48;48;48;0.5;0.5
Decor/Bulge3;0;1115;42;38;40;48;48;0.5;0.4
Decor/Bulge4;0;839;482;44;13;48;48;0.5;-0.8461538461538461
Decor/Bulge5;0;233;183;44;48;48;48;0.5;0.5
Decor/Bulge6;0;1873;322;38;40;48;48;0.5;0.4
Decor/Fung1;0;1351;417;32;28;48;48;0.5;0.14285714285714285
Decor/Fung2;0;1187;422;32;27;48;48;0.46875;0.1111111111111111
Decor/Fung3;0;1436;404;32;27;48;48;0.46875;0.1111111111111111
Decor/Fung4;0;1830;394;34;25;48;48;0.5;0.04
Decor/Fung5;0;295;148;48;37;48;48;0.5;0.35135135135135137
Decor/Gem1;0;247;427;44;43;48;48;0.5;0.4418604651162791
Decor/Gem2;0;859;127;44;43;48;48;0.5;0.4418604651162791
Decor/Gem3;0;635;153;44;43;48;48;0.5;0.4418604651162791
Decor/Gem4;0;859;172;44;43;48;48;0.5;0.4418604651162791
Decor/Grass1;0;609;120;48;28;48;48;0.5;0.14285714285714285
Decor/Grass2;0;661;72;48;46;48;48;0.5;0.4782608695652174
Decor/Hang1;0;1866;364;44;19;48;48;0.5;1.263157894736842
Decor/Plant1;0;1517;1;48;48;48;48;0.5;0.5
Decor/Plant2;0;1567;1;48;48;48;48;0.5;0.5
Decor/Plant3;0;161;83;96;48;96;48;0.5;0.5
Decor/Plant4;0;161;133;96;48;96;48;0.5;0.5
Decor/Pot;0;1617;1;48;48;48;48;0.5;0.5
Decor/Rock1;0;659;120;48;31;48;48;0.5;0.22580645161290322
Decor/Rock2;0;759;127;48;31;48;48;0.5;0.22580645161290322
Decor/Slime;0;1377;476;44;19;48;48;0.5;1.263157894736842
Decor/Tomb;0;1667;1;48;48;48;48;0.5;0.5
Decor/Top1;0;1221;418;44;31;48;48;0.5;0.7741935483870968
Decor/Top2;0;1198;370;38;46;48;48;0.5;0.5217391304347826
Decor/Top3;0;1464;366;44;31;48;48;0.5;0.7741935483870968
Decor/Top4;0;1913;322;38;46;48;48;0.5;0.5217391304347826
Decor/Tree1;0;1;277;86;161;96;192;0.5116279069767442;0.40372670807453415
Decor/Tree2;0;1;83;158;192;192;192;0.5063291139240507;0.5
Decor/Vine1;0;1940;292;44;28;48;48;0.5;0.8571428571428571
Decor/Vine2;0;1430;368;32;34;48;48;0.5;0.7058823529411765
Decor/Vine3;0;1;440;86;40;96;48;0.5;0.6
Fixed/Altar;0;199;328;46;47;48;48;0.5;0.48936170212765956
Goodie/Apple;0;1121;417;32;32;48;48;0.46875;0.46875
Goodie/Blood;0;199;278;42;48;48;48;0.5;0.5
Goodie/Disrupt;0;861;77;42;48;48;48;0.5;0.5
Goodie/Explosive;0;410;248;42;48;48;48;0.5;0.5
Goodie/GodMode;0;1142;372;43;43;48;48;0.5116279069767442;0.5116279069767442
Goodie/Guard;0;247;327;44;48;48;48;0.5;0.5
Goodie/GuardPlus;0;247;377;44;48;48;48;0.5;0.5
Goodie/Heart;0;429;198;42;48;48;48;0.5;0.5
Goodie/Key;0;147;426;48;44;48;48;0.5;0.5
Goodie/Pear;0;1087;408;32;41;48;48;0.5;0.4878048780487805
Goodie/Shield;0;1953;322;38;44;48;48;0.5;0.5
Goodie/ShieldPlus;0;445;148;44;48;48;48;0.5;0.5
Goodie/Shiny;0;454;248;42;48;48;48;0.5;0.5
Goodie/Stars;0;473;198;42;48;48;48;0.5;0.5
Grass/FB;0;1717;1;48;48;48;48;0.5;0.5
Grass/FBL;0;1767;1;48;48;48;48;0.5;0.5
Grass/FBR;0;1817;1;48;48;48;48;0.5;0.5
Grass/FC;0;1867;1;48;48;48;48;0.5;0.5
Grass/FL;0;1917;1;48;48;48;48;0.5;0.5
Grass/FR;0;149;278;48;48;48;48;0.5;0.5
Grass/FU;0;147;376;48;48;48;48;0.5;0.5
Grass/FUL;0;711;77;48;48;48;48;0.5;0.5
Grass/FUR;0;761;77;48;48;48;48;0.5;0.5
Grass/H1;0;811;77;48;48;48;48;0.5;0.5
Grass/H2;0;197;377;48;48;48;48;0.5;0.5
Grass/H3;0;905;73;48;48;48;48;0.5;0.5
Grass/S;0;955;73;48;48;48;48;0.5;0.5
Grass/V1;0;259;98;48;48;48;48;0.5;0.5
Grass/V2;0;309;98;48;48;48;48;0.5;0.5
Grass/V3;0;359;98;48;48;48;48;0.5;0.5
GrassLedge/FB;0;345;148;48;48;48;48;0.5;0.5
GrassLedge/FBL;0;279;187;48;48;48;48;0.5;0.5
GrassLedge/FBR;0;395;148;48;48;48;48;0.5;0.5
GrassLedge/FC;0;329;198;48;48;48;48;0.5;0.5
GrassLedge/FL;0;379;198;48;48;48;48;0.5;0.5
GrassLedge/FR;0;260;237;48;48;48;48;0.5;0.5
GrassLedge/FU;0;310;248;48;48;48;48;0.5;0.5
GrassLedge/FUL;0;360;248;48;48;48;48;0.5;0.5
GrassLedge/FUR;0;293;298;48;48;48;48;0.5;0.5
GrassLedge/H1;0;343;298;48;48;48;48;0.5;0.5
GrassLedge/H2;0;293;348;48;48;48;48;0.5;0.5
GrassLedge/H3;0;343;348;48;48;48;48;0.5;0.5
GrassLedge/S;0;293;398;48;48;48;48;0.5;0.5
GrassLedge/V1;0;343;398;48;48;48;48;0.5;0.5
GrassLedge/V2;0;393;298;48;48;48;48;0.5;0.5
GrassLedge/V3;0;393;348;48;48;48;48;0.5;0.5
HatCollect/AngelHat;0;509;120;48;26;48;48;0.5;0.5
HatCollect/BambooHat;0;809;127;48;32;48;48;0.5;0.5
HatCollect/BaseballHat;0;759;160;48;35;48;48;0.5;0.4857142857142857
HatCollect/CowboyHat;0;243;287;48;38;48;48;0.5;0.5
HatCollect/FeatheredHat;0;809;161;48;35;48;48;0.5;0.45714285714285713
HatCollect/FedoraHat;0;1955;258;47;32;48;48;0.48936170212765956;0.46875
HatCollect/HardHat;0;559;120;48;26;48;48;0.5;0.4230769230769231
HatCollect/RandomHat;0;1015;42;48;35;48;48;0.5;0.4857142857142857
HatCollect/RangerHat;0;1065;42;48;38;48;48;0.5;0.5
HatCollect/SpikeyHat;0;393;398;48;48;48;48;0.5;0.5
HatCollect/TopHat;0;759;160;48;35;48;48;0.5;0.4857142857142857
HatCollect/WizBlueHat;0;1192;289;47;29;48;48;0.48936170212765956;0.4482758620689655
HatCollect/WizCyanHat;0;1241;290;47;29;48;48;0.48936170212765956;0.4482758620689655
HatCollect/WizGreenHat;0;1510;366;45;27;45;27;0.5;0.5
HatCollect/WizRedHat;0;1599;367;45;27;45;27;0.5;0.5
HatCollect/WizYellowHat;0;1646;364;45;27;45;27;0.5;0.5
HiddenObject/Cluster;0;443;298;48;48;48;48;0.5;0.5
HiddenObject/ClusterChar;0;443;348;48;48;48;48;0.5;0.5
HiddenObject/ClusterScreen;0;443;398;48;48;48;48;0.5;0.5
HiddenObject/TrackBlue;0;1662;393;29;29;48;48;0.4827586206896552;0.4827586206896552
HiddenObject/TrackGreen;0;1661;430;29;29;48;48;0.4827586206896552;0.4827586206896552
HiddenObject/TrackRed;0;1772;463;29;29;48;48;0.4827586206896552;0.4827586206896552
Icon/Armor;0;1201;451;38;44;48;48;0.5;0.4772727272727273
Icon/Hand;0;161;183;70;50;70;50;0.5;0.5
Icon/Heart;0;1386;368;42;34;48;48;0.5;0.47058823529411764
Icons/Add;0;1402;251;45;44;48;48;0.4888888888888889;0.5
Icons/Adventure;0;1100;280;44;38;48;48;0.5;0.5
Icons/Attachment;0;1019;269;30;44;48;48;0.5;0.5
Icons/Badge;0;1238;372;36;44;48;48;0.5;0.5
Icons/Beaker;0;498;248;42;48;48;48;0.5;0.5
Icons/Blueprint;0;1241;451;38;44;48;48;0.5;0.5
Icons/Brush;0;493;298;48;48;48;48;0.5;0.5
Icons/Cancel;0;1590;251;44;44;48;48;0.5;0.5
Icons/Clip;0;1636;251;44;44;48;48;0.5;0.5
Icons/Clone;0;1157;451;42;44;48;48;0.5;0.5
Icons/Copy;0;491;148;44;48;48;48;0.5;0.5
Icons/Cut;0;1955;226;48;30;48;48;0.5;0.5
Icons/Down;0;1682;251;44;44;48;48;0.5;0.5
Icons/Draw;0;493;348;48;48;48;48;0.5;0.5
Icons/Edit;0;1050;318;44;42;48;48;0.5;0.5
Icons/Eraser;0;1096;320;44;40;48;48;0.5;0.5
Icons/Exit;0;1375;322;42;44;48;48;0.5;0.5
Icons/Eyedrop;0;1449;251;45;44;48;48;0.5111111111111111;0.5
Icons/File;0;1967;1;40;44;48;48;0.5;0.5
Icons/Flag;0;493;398;48;48;48;48;0.5;0.5
Icons/Font;0;1155;44;48;40;48;48;0.5;0.5
Icons/FromRight;0;1375;322;42;44;48;48;0.5;0.5
Icons/Gamepad;0;517;198;48;48;48;48;0.5;0.5
Icons/Hand;0;1276;371;36;44;48;48;0.5;0.5
Icons/Home;0;1146;282;44;38;48;48;0.5;0.5
Icons/Identity;0;1692;322;44;38;48;48;0.5;0.5
Icons/Info;0;1728;251;44;44;48;48;0.5;0.5
Icons/Key;0;1774;251;44;44;48;48;0.5;0.5
Icons/Left;0;1820;251;44;44;48;48;0.5;0.5
Icons/List;0;1205;201;48;40;48;48;0.5;0.5
Icons/Lock;0;537;148;48;48;48;48;0.5;0.5
Icons/Login;0;542;248;48;48;48;48;0.5;0.5
Icons/Logout;0;587;150;46;46;48;48;0.5;0.5
Icons/Menu;0;1784;322;44;36;48;48;0.5;0.5
Icons/Message;0;1496;251;45;44;48;48;0.5111111111111111;0.5
Icons/Mouse;0;567;198;28;48;48;48;0.5;0.5
Icons/Move;0;1354;251;46;44;48;48;0.5;0.5
Icons/MoveRight;0;1419;322;42;44;48;48;0.5;0.5
Icons/Music;0;197;427;48;42;48;48;0.5;0.5
Icons/Play;0;543;298;48;48;48;48;0.5;0.5
Icons/Puzzle;0;1866;251;44;44;48;48;0.5;0.5
Icons/Redo;0;597;198;42;48;48;48;0.5;0.5
Icons/Refresh;0;1543;251;45;44;48;48;0.4888888888888889;0.5
Icons/Right;0;1050;362;44;44;48;48;0.5;0.5
Icons/Save;0;1096;362;44;44;48;48;0.5;0.5
Icons/Search;0;543;348;48;48;48;48;0.5;0.5
Icons/Settings;0;1463;322;44;42;48;48;0.5;0.5
Icons/Small/Add;0;1630;396;30;30;32;32;0.5;0.5
Icons/Small/Beaker;0;1155;417;30;32;32;32;0.5;0.5
Icons/Small/Blueprint;0;731;154;26;30;32;32;0.5;0.5
Icons/Small/Brush;0;1343;447;32;32;32;32;0.5;0.5
Icons/Small/Eraser;0;1914;404;32;30;32;32;0.5;0.5
Icons/Small/Eyedrop;0;1470;399;32;32;32;32;0.5;0.5
Icons/Small/Flag;0;1914;370;32;32;32;32;0.5;0.5
Icons/Small/Home;0;1596;396;32;30;32;32;0.5;0.5
Icons/Small/Identity;0;979;469;30;26;32;32;0.5;0.5
Icons/Small/Info;0;1473;433;32;32;32;32;0.5;0.5
Icons/Small/Left;0;1692;430;30;30;32;32;0.5;0.5
Icons/Small/Menu;0;1834;421;30;26;32;32;0.5;0.5
Icons/Small/Message;0;1693;398;32;30;32;32;0.5;0.5
Icons/Small/Play;0;1504;399;32;32;32;32;0.5;0.5
Icons/Small/Redo;0;1551;463;28;32;32;32;0.5;0.5
Icons/Small/Right;0;1724;431;30;30;32;32;0.5;0.5
Icons/Small/Save;0;1756;431;30;30;32;32;0.5;0.5
Icons/Small/Settings;0;1507;433;32;32;32;32;0.5;0.5
Icons/Small/Tags;0;1866;429;30;28;32;32;0.5;0.5
Icons/Small/Trash;0;1538;395;32;32;32;32;0.5;0.5
Icons/Small/Undo;0;1646;461;28;32;32;32;0.5;0.5
Icons/Small/Wand;0;1541;429;31;32;32;32;0.4838709677419355;0.5
Icons/Star;0;1019;451;44;44;48;48;0.5;0.5
Icons/Tags;0;1646;322;44;40;48;48;0.5;0.5
Icons/ThumbsDown;0;1509;322;44;42;48;48;0.5;0.5
Icons/ThumbsUp;0;1555;322;44;42;48;48;0.5;0.5
Icons/Time;0;970;223;32;44;48;48;0.5;0.5
Icons/Trash;0;641;198;46;48;48;48;0.5;0.5
Icons/Undo;0;689;198;42;48;48;48;0.5;0.5
Icons/Up;0;1065;451;44;44;48;48;0.5;0.5
Icons/User;0;884;232;38;48;48;48;0.5;0.5
Icons/Users;0;681;154;48;42;48;48;0.5;0.5
Icons/Volume;0;1004;229;48;38;48;48;0.5;0.5
Icons/Wand;0;1111;451;44;44;48;48;0.5;0.5
Interactives/Book;0;1051;275;47;41;48;48;0.5106382978723404;0.5121951219512195
Interactives/PeekMap;0;1793;360;35;35;48;48;0.4857142857142857;0.4857142857142857
Leaf/Basic;0;543;398;48;48;48;48;0.5;0.5
Leaf/Reform;0;592;248;48;48;48;48;0.5;0.5
Lock/Lock;0;593;298;48;48;48;48;0.5;0.5
Log/H1;0;593;348;48;48;48;48;0.5;0.5
Log/H2;0;593;398;48;48;48;48;0.5;0.5
Log/H3;0;905;123;48;48;48;48;0.5;0.5
Log/S;0;955;123;48;48;48;48;0.5;0.5
Mud/FU;0;642;248;48;48;48;48;0.5;0.5
Mud/FUL;0;643;298;48;48;48;48;0.5;0.5
Mud/FUR;0;643;348;48;48;48;48;0.5;0.5
Mud/H1;0;643;398;48;48;48;48;0.5;0.5
Mud/H2;0;692;248;48;48;48;48;0.5;0.5
Mud/H3;0;693;298;48;48;48;48;0.5;0.5
Mud/S;0;693;348;48;48;48;48;0.5;0.5
Mud/V1;0;693;398;48;48;48;48;0.5;0.5
Pets/Bunny/Left;0;1834;449;30;27;48;48;0.5;0.1111111111111111
Pets/Bunny/Right;0;1866;459;30;27;48;48;0.5;0.1111111111111111
Pets/Cat/Left;0;1267;418;32;31;48;48;0.53125;0.22580645161290322
Pets/Cat/Right;0;1727;398;32;31;48;48;0.53125;0.22580645161290322
Pets/Cow/Left;0;1031;1;60;39;96;48;0.5166666666666667;0.38461538461538464
Pets/Cow/Right;0;1093;1;60;39;96;48;0.5166666666666667;0.38461538461538464
Pets/Deer/Left;0;89;375;56;47;96;48;0.5178571428571429;0.48936170212765956
Pets/Deer/Right;0;89;424;56;47;96;48;0.48214285714285715;0.48936170212765956
Pets/Dog/Left;0;259;148;34;33;48;48;0.5;0.2727272727272727
Pets/Dog/Right;0;1830;359;34;33;48;48;0.5;0.2727272727272727
Pets/Duck/Left;0;1761;398;30;31;48;48;0.5;0.22580645161290322
Pets/Duck/Right;0;1614;461;30;31;48;48;0.5;0.22580645161290322
Pets/Fox/Left;0;285;67;60;29;96;48;0.5;0.1724137931034483
Pets/Fox/Right;0;347;67;60;29;96;48;0.5;0.1724137931034483
Pets/Goat/Left;0;89;277;58;47;96;48;0.4827586206896552;0.48936170212765956
Pets/Goat/Right;0;89;326;58;47;96;48;0.4827586206896552;0.48936170212765956
Pets/Hen/Left;0;1708;463;30;29;48;48;0.5;0.1724137931034483
Pets/Hen/Right;0;1740;463;30;29;48;48;0.5;0.1724137931034483
Pets/Pig/Left;0;1967;47;40;27;48;48;0.525;0.1111111111111111
Pets/Pig/Right;0;1557;366;40;27;48;48;0.525;0.1111111111111111
Pets/Raccoon/Left;0;409;67;54;25;96;48;0.5;0.04
Pets/Raccoon/Right;0;409;94;54;25;96;48;0.5;0.04
Pets/Sheep/Left;0;161;235;60;41;96;48;0.5166666666666667;0.4146341463414634
Pets/Sheep/Right;0;1155;1;60;41;96;48;0.5166666666666667;0.4146341463414634
Pets/Squirrel/Left;0;1423;476;44;19;48;48;0.4772727272727273;-0.2631578947368421
Pets/Squirrel/Right;0;1469;476;44;19;48;48;0.5227272727272727;-0.2631578947368421
Platform/Delay/H1;0;99;473;48;22;48;48;0.5;1.0909090909090908
Platform/Delay/H2;0;293;448;48;22;48;48;0.5;1.0909090909090908
Platform/Delay/H3;0;929;473;48;22;48;48;0.5;1.0909090909090908
Platform/Delay/S;0;1290;297;48;22;48;48;0.5;1.0909090909090908
Platform/Dip/H1;0;149;472;48;23;48;48;0.5;1.0434782608695652
Platform/Dip/H2;0;229;472;48;23;48;48;0.5;1.0434782608695652
Platform/Dip/H3;0;279;472;48;23;48;48;0.5;1.0434782608695652
Platform/Dip/S;0;1340;297;48;23;48;48;0.5;1.0434782608695652
Platform/Fall/H1;0;1390;297;48;23;48;48;0.5;1.0434782608695652
Platform/Fall/H2;0;1440;297;48;23;48;48;0.5;1.0434782608695652
Platform/Fall/H3;0;1490;297;48;23;48;48;0.5;1.0434782608695652
Platform/Fall/S;0;1540;297;48;23;48;48;0.5;1.0434782608695652
Platform/Fixed/H1;0;1590;297;48;23;48;48;0.5;1.0434782608695652
Platform/Fixed/H2;0;1640;297;48;23;48;48;0.5;1.0434782608695652
Platform/Fixed/H3;0;1690;297;48;23;48;48;0.5;1.0434782608695652
Platform/Fixed/S;0;1740;297;48;23;48;48;0.5;1.0434782608695652
Platform/Item/Bottom;0;1693;387;48;9;48;48;0.5;-1.6666666666666667
Platform/Item/Left;0;1186;322;9;48;48;48;2.6666666666666665;0.5
Platform/Item/Right;0;1187;372;9;48;48;48;-1.6666666666666667;0.5
Platform/Item/Top;0;1743;387;48;9;48;48;0.5;2.6666666666666665
Platform/Move/H1;0;1790;297;48;23;48;48;0.5;1.0434782608695652
Platform/Move/H2;0;1840;297;48;23;48;48;0.5;1.0434782608695652
Platform/Move/H3;0;1890;297;48;23;48;48;0.5;1.0434782608695652
Platform/Move/S;0;1693;362;48;23;48;48;0.5;1.0434782608695652
Power/Air;0;742;247;42;48;48;48;0.5;0.5
Power/Athlete;0;743;297;42;48;48;48;0.5;0.5
Power/Axe;0;905;173;48;48;48;48;0.5;0.5
Power/Axe2;0;955;173;48;48;48;48;0.5;0.5
Power/Axe3;0;733;197;48;48;48;48;0.5;0.5
Power/Bolt;0;743;347;48;48;48;48;0.5;0.5
Power/BoltGold;0;743;397;48;48;48;48;0.5;0.5
Power/BoltGreen;0;743;447;48;48;48;48;0.5;0.5
Power/BoltNecro;0;1601;322;43;43;48;48;0.4418604651162791;0.4418604651162791
Power/BoxingRed;0;786;246;48;48;48;48;0.5;0.5
Power/BoxingWhite;0;787;296;48;48;48;48;0.5;0.5
Power/Burst;0;793;346;42;48;48;48;0.5;0.5
Power/Chakram;0;343;448;48;47;48;48;0.5;0.5106382978723404
Power/ChakramPack;0;443;448;47;47;48;48;0.48936170212765956;0.5106382978723404
Power/Dagger;0;793;396;44;48;48;48;0.5;0.5
Power/DaggerGreen;0;793;446;44;48;48;48;0.5;0.5
Power/Electric;0;837;282;44;48;48;48;0.5;0.5
Power/Fire;0;837;332;44;48;48;48;0.5;0.5
Power/Flight;0;839;382;42;48;48;48;0.5;0.5
Power/Frost;0;839;432;44;48;48;48;0.5;0.5
Power/Grenade;0;883;282;44;48;48;48;0.5;0.5
Power/GrenadePack;0;1005;79;48;48;48;48;0.5;0.5
Power/Hammer;0;492;448;47;47;48;48;0.5106382978723404;0.48936170212765956
Power/Hover;0;885;432;42;48;48;48;0.5;0.5
Power/Leap;0;929;273;42;48;48;48;0.5;0.5
Power/Levitate;0;929;323;42;48;48;48;0.5;0.5
Power/Necro1;0;883;332;44;48;48;48;0.5;0.5
Power/Necro2;0;883;382;44;48;48;48;0.5;0.5
Power/Phase;0;929;373;42;48;48;48;0.5;0.5
Power/RandBook;0;924;223;44;48;48;48;0.5;0.5
Power/RandPot;0;929;423;42;48;48;48;0.5;0.5
Power/RandThrown;0;1005;129;48;48;48;48;0.5;0.5
Power/RandWeapon;0;393;448;48;47;48;48;0.5;0.48936170212765956
Power/Rock;0;973;269;44;48;48;48;0.5;0.5
Power/Shuriken;0;541;448;47;47;48;48;0.5106382978723404;0.5106382978723404
Power/Slam;0;1142;322;42;48;48;48;0.5;0.5
Power/Slime;0;973;319;44;48;48;48;0.5;0.5
Power/SlowFall;0;1197;320;42;48;48;48;0.5;0.5
Power/Spear;0;1255;201;48;41;48;48;0.5;0.5365853658536586
Power/Sword;0;836;232;46;48;48;48;0.4782608695652174;0.5
Power/Teleport;0;1287;321;42;48;48;48;0.5;0.5
Power/Time;0;1331;322;42;48;48;48;0.5;0.5
Power/Water;0;973;369;44;48;48;48;0.5;0.5
Prompt/Aim;0;831;198;26;28;48;48;0.5384615384615384;0.5357142857142857
Prompt/Arrow;0;1019;315;29;44;48;48;0.4827586206896552;0.5
Prompt/Burst;0;199;471;28;24;48;48;0.5714285714285714;0.5416666666666666
Prompt/Button/A;0;1803;463;29;29;48;48;0.4827586206896552;0.4827586206896552
Prompt/Button/B;0;1898;436;29;29;48;48;0.4827586206896552;0.4827586206896552
Prompt/Button/L1;0;1676;462;30;30;48;48;0.5;0.5
Prompt/Button/R1;0;1788;431;30;30;48;48;0.5;0.5
Prompt/Button/X;0;1929;436;29;29;48;48;0.4827586206896552;0.4827586206896552
Prompt/Button/Y;0;1948;370;29;29;48;48;0.4827586206896552;0.4827586206896552
Prompt/Cast;0;1898;467;24;26;48;48;0.5;0.5
Prompt/Chat;0;1738;322;44;38;48;48;0.5;0.42105263157894735
Prompt/DPad/Down;0;1793;397;31;31;48;48;0.4838709677419355;0.4838709677419355
Prompt/DPad/Left;0;1595;428;31;31;48;48;0.4838709677419355;0.4838709677419355
Prompt/DPad/Right;0;1628;428;31;31;48;48;0.4838709677419355;0.4838709677419355
Prompt/DPad/Up;0;1581;461;31;31;48;48;0.4838709677419355;0.4838709677419355
Prompt/Finger;0;1572;395;22;30;48;48;0.5;0.5666666666666667
Prompt/Fist;0;1924;467;24;24;48;48;0.5;0.5416666666666666
Prompt/Force;0;1960;432;24;24;48;48;0.5;0.5416666666666666
Prompt/Hand;0;1979;368;24;24;48;48;0.5;0.5416666666666666
Prompt/Jump;0;1950;467;22;24;48;48;0.5;0.5416666666666666
Prompt/Keys/Empty;0;1948;401;29;29;48;48;0.4827586206896552;0.4827586206896552
Prompt/Number/N1;0;1974;470;16;23;48;48;0.5;0.5217391304347826
Prompt/Number/N2;0;1986;420;17;23;48;48;0.5294117647058824;0.5217391304347826
Prompt/Number/N3;0;1986;445;17;23;48;48;0.5294117647058824;0.5217391304347826
Prompt/Number/N4;0;1574;427;19;23;48;48;0.5263157894736842;0.5217391304347826
Prompt/Number/N5;0;1986;292;17;24;48;48;0.5294117647058824;0.5
Prompt/Run;0;1979;394;24;24;48;48;0.5;0.5416666666666666
Puff/Off;0;1005;179;48;48;48;48;0.5;0.5
Puff/On;0;1055;82;48;48;48;48;0.5;0.5
Slab/Brown/H1;0;1055;132;48;48;48;48;0.5;0.5
Slab/Brown/H2;0;1055;182;48;48;48;48;0.5;0.5
Slab/Brown/H3;0;1105;84;48;48;48;48;0.5;0.5
Slab/Brown/S;0;1105;134;48;48;48;48;0.5;0.5
Slab/Gray/H1;0;1155;86;48;48;48;48;0.5;0.5
Slab/Gray/H2;0;1105;184;48;48;48;48;0.5;0.5
Slab/Gray/H3;0;1155;136;48;48;48;48;0.5;0.5
Slab/Gray/S;0;1155;186;48;48;48;48;0.5;0.5
Slime/FU;0;1205;51;48;48;48;48;0.5;0.5
Slime/FUL;0;1255;51;48;48;48;48;0.5;0.5
Slime/FUR;0;1205;101;48;48;48;48;0.5;0.5
Slime/H1;0;1305;51;48;48;48;48;0.5;0.5
Slime/H2;0;1205;151;48;48;48;48;0.5;0.5
Slime/H3;0;1255;101;48;48;48;48;0.5;0.5
Slime/S;0;1355;51;48;48;48;48;0.5;0.5
Slime/V1;0;1255;151;48;48;48;48;0.5;0.5
Snow/FU;0;1305;101;48;48;48;48;0.5;0.5
Snow/FUL;0;1405;51;48;48;48;48;0.5;0.5
Snow/FUR;0;1305;151;48;48;48;48;0.5;0.5
Snow/H1;0;1355;101;48;48;48;48;0.5;0.5
Snow/H2;0;1455;51;48;48;48;48;0.5;0.5
Snow/H3;0;1355;151;48;48;48;48;0.5;0.5
Snow/S;0;1405;101;48;48;48;48;0.5;0.5
Snow/V1;0;1505;51;48;48;48;48;0.5;0.5
Spike/Basic;0;1405;151;48;48;48;48;0.5;0.5
Spike/Death;0;1455;101;48;48;48;48;0.5;0.5
Spike/Death3;0;1555;51;48;48;48;48;0.5;0.5
Stone/FB;0;1455;151;48;48;48;48;0.5;0.5
Stone/FBL;0;1505;101;48;48;48;48;0.5;0.5
Stone/FBR;0;1605;51;48;48;48;48;0.5;0.5
Stone/FC;0;1505;151;48;48;48;48;0.5;0.5
Stone/FL;0;1555;101;48;48;48;48;0.5;0.5
Stone/FR;0;1655;51;48;48;48;48;0.5;0.5
Stone/FU;0;1555;151;48;48;48;48;0.5;0.5
Stone/FUL;0;1605;101;48;48;48;48;0.5;0.5
Stone/FUR;0;1705;51;48;48;48;48;0.5;0.5
Stone/H1;0;1605;151;48;48;48;48;0.5;0.5
Stone/H2;0;1655;101;48;48;48;48;0.5;0.5
Stone/H3;0;1755;51;48;48;48;48;0.5;0.5
Stone/S;0;1655;151;48;48;48;48;0.5;0.5
Stone/V1;0;1705;101;48;48;48;48;0.5;0.5
Stone/V2;0;1805;51;48;48;48;48;0.5;0.5
Stone/V3;0;1705;151;48;48;48;48;0.5;0.5
SuitCollect/BlackNinja;0;1755;101;48;48;48;48;0.5;0.5
SuitCollect/BlueNinja;0;1855;51;48;48;48;48;0.5;0.5
SuitCollect/BlueWizard;0;1755;151;48;48;48;48;0.5;0.5
SuitCollect/GreenNinja;0;1805;101;48;48;48;48;0.5;0.5
SuitCollect/GreenWizard;0;1905;51;48;48;48;48;0.5;0.5
SuitCollect/Random;0;1805;151;48;48;48;48;0.5;0.5
SuitCollect/RedNinja;0;1855;101;48;48;48;48;0.5;0.5
SuitCollect/RedWizard;0;1855;151;48;48;48;48;0.5;0.5
SuitCollect/WhiteNinja;0;1905;101;48;48;48;48;0.5;0.5
SuitCollect/WhiteWizard;0;1905;151;48;48;48;48;0.5;0.5
Timer/Plus5;0;1019;361;29;43;48;48;0.5172413793103449;0.5116279069767442
Timer/Plus10;0;1314;372;34;43;48;48;0.5588235294117647;0.5116279069767442
Timer/Plus20;0;1350;372;34;43;48;48;0.5588235294117647;0.5116279069767442
Timer/Set5;0;1312;442;29;43;48;48;0.5172413793103449;0.5116279069767442
Timer/Set10;0;1019;406;29;43;48;48;0.5172413793103449;0.5116279069767442
Timer/Set20;0;1281;451;29;43;48;48;0.5172413793103449;0.5116279069767442
ToggleOff/Blue/Block;0;590;448;46;46;48;48;0.5;0.5
ToggleOff/Blue/Mobile;0;1955;76;48;48;48;48;0.5;0.5
ToggleOff/Blue/Plat;0;1377;454;46;20;48;48;0.5;1.15
ToggleOff/BoxBR;0;1955;126;48;48;48;48;0.5;0.5
ToggleOff/BoxGY;0;1305;201;48;48;48;48;0.5;0.5
ToggleOff/Green/Block;0;638;448;46;46;48;48;0.5;0.5
ToggleOff/Green/Mobile;0;1355;201;48;48;48;48;0.5;0.5
ToggleOff/Green/Plat;0;1425;454;46;20;48;48;0.5;1.15
ToggleOff/Red/Block;0;1405;201;48;48;48;48;0.5;0.5
ToggleOff/Red/Mobile;0;1455;201;48;48;48;48;0.5;0.5
ToggleOff/Red/Plat;0;1743;362;48;23;48;48;0.5;1.0434782608695652
ToggleOff/Yellow/Block;0;1505;201;48;48;48;48;0.5;0.5
ToggleOff/Yellow/Mobile;0;1555;201;48;48;48;48;0.5;0.5
ToggleOff/Yellow/Plat;0;1386;404;48;23;48;48;0.5;1.0434782608695652
ToggleOn/Blue/Block;0;1605;201;48;48;48;48;0.5;0.5
ToggleOn/Blue/Mobile;0;1655;201;48;48;48;48;0.5;0.5
ToggleOn/Blue/Plat;0;1301;417;48;23;48;48;0.5;1.0434782608695652
ToggleOn/BoxBR;0;1705;201;48;48;48;48;0.5;0.5
ToggleOn/BoxGY;0;1755;201;48;48;48;48;0.5;0.5
ToggleOn/Green/Block;0;1805;201;48;48;48;48;0.5;0.5
ToggleOn/Green/Mobile;0;1855;201;48;48;48;48;0.5;0.5
ToggleOn/Green/Plat;0;1385;429;48;23;48;48;0.5;1.0434782608695652
ToggleOn/Red/Block;0;686;448;46;46;48;48;0.5;0.5
ToggleOn/Red/Mobile;0;1905;201;48;48;48;48;0.5;0.5
ToggleOn/Red/Plat;0;1866;385;46;20;48;48;0.5;1.15
ToggleOn/Yellow/Block;0;783;198;46;46;48;48;0.5;0.5
ToggleOn/Yellow/Mobile;0;1955;176;48;48;48;48;0.5;0.5
ToggleOn/Yellow/Plat;0;1866;407;46;20;48;48;0.5;1.15
Treasure/Coin;0;1515;467;34;28;48;48;0.5;0.4642857142857143
Treasure/Gem;0;1054;232;48;41;48;48;0.5;0.4634146341463415
Treasure/Glove1;0;1104;234;48;44;48;48;0.5;0.5
Treasure/Glove2;0;1154;236;48;44;48;48;0.5;0.5
Treasure/Glove3;0;1204;243;48;44;48;48;0.5;0.5
Treasure/Ring1;0;973;419;44;48;48;48;0.5;0.5
Treasure/Ring2;0;1241;321;44;46;48;48;0.5;0.5217391304347826
Treasure/ShoeRed;0;1254;244;48;44;48;48;0.5;0.5
Treasure/ShoeTan;0;1304;251;48;44;48;48;0.5;0.5
Warp/Blue;0;1;482;96;13;96;96;0.5;3.6923076923076925